-4250.110007
-4252.608078
-4251.179880
-4251.386180
-4253.307453
-4252.701670
-4252.781172
-4252.561245
-4252.382806
-4252.272869
-4252.210434
-4252.177993
-4252.164373
-4252.162517
-4252.167897
-4252.177586
-4252.189689
-4252.202592
-4252.216528
-4252.230259
-4252.243514
-4252.256138
-4252.268053
-4252.279220
-4252.289635
-4252.299309
-4252.308268
-4252.316542
-4252.324168
-4252.330738
-4252.337450
-4252.343495
-4252.348943
-4252.353871
-4252.358340
-4252.362404
-4252.366103
-4252.369474
-4252.372549
-4252.375354
-4252.377914
-4252.380249
-4252.382379
-4252.384322
-4252.386092
-4252.387706
-4252.389175
-4252.390513
-4252.391731
-4252.392839
-4252.393846
-4252.394761
-4252.395594
-4252.396349
-4252.397035
-4252.397658
-4252.398223
-4252.398736
-4252.399201
-4252.399150
-4252.400241
-4252.400054
-4252.400409
-4252.400765
-4252.401037
-4252.401232
-4252.401368
-4252.401463
-4252.401528
-4252.401574
-4252.401605
-4252.401627
-4252.401642
-4252.401653
-4252.401660
-4252.099041
-4252.098586
-4252.099273
-4252.098864
-4252.099058
-4252.099310
-4252.099516
-4252.099669
-4252.099780
-4252.099859
-4252.099915
-4252.099954
-4252.099982
-4252.100001
-4252.100014
-4252.100024
-4252.100030
-4252.169607
-4252.169422
-4252.169653
-4252.169905
-4252.170109
-4252.170260
-4252.170370
-4252.170449
-4252.170504
-4252.170544
-4252.170571
-4252.170590
-4252.170604
-4252.170613
-4252.170620
-4252.224749
-4252.224658
-4252.224886
-4252.225116
-4252.225294
-4252.225425
-4252.225517
-4252.225583
-4252.225629
-4252.225661
-4252.225683
-4252.225699
-4252.225710
-4252.225717
-4252.267622
-4252.267524
-4252.267704
-4252.267888
-4252.268031
-4252.268134
-4252.268208
-4252.268259
-4252.268295
-4252.268320
-4252.268338
-4252.268350
-4252.268358
-4252.268364
-4252.300174
-4252.300143
-4252.300324
-4252.300495
-4252.300625
-4252.300718
-4252.300782
-4252.300827
-4252.300859
-4252.300880
-4252.300895
-4252.300905
-4252.300912
-4252.325504
-4252.325405
-4252.325505
-4252.325613
-4252.325698
-4252.325760
-4252.325804
-4252.325835
-4252.325857
-4252.325872
-4252.325882
-4252.325890
-4252.344149
-4252.344153
-4252.344286
-4252.344406
-4252.344496
-4252.344560
-4252.344604
-4252.344634
-4252.344655
-4252.344670
-4252.344680
-4252.344687
-4252.358914
-4252.358877
-4252.358948
-4252.359020
-4252.359076
-4252.359116
-4252.359144
-4252.359164
-4252.359178
-4252.359188
-4252.359194
-4252.369684
-4252.369586
-4252.369610
-4252.369648
-4252.369682
-4252.369706
-4252.369725
-4252.369738
-4252.369747
-4252.369753
-4252.369758
-4252.377463
-4252.377377
-4252.377401
-4252.377438
-4252.377470
-4252.377493
-4252.377510
-4252.377523
-4252.377531
-4252.377537
-4252.383371
-4252.383326
-4252.383368
-4252.383414
-4252.383450
-4252.383476
-4252.383495
-4252.383507
-4252.383516
-4252.383522
-4252.388036
-4252.388007
-4252.388035
-4252.388066
-4252.388090
-4252.388108
-4252.388121
-4252.388129
-4252.388136
-4252.391493
-4252.391442
-4252.391453
-4252.391473
-4252.391489
-4252.391501
-4252.391510
-4252.391517
-4252.391521
-4252.393829
-4252.393755
-4252.393747
-4252.393754
-4252.393762
-4252.393768
-4252.393774
-4252.393777
-4252.393780
-4252.395419
-4252.395420
-4252.395453
-4252.395483
-4252.395506
-4252.395522
-4252.395532
-4252.395540
-4252.396621
-4252.397004
-4252.396988
-4252.396914
-4252.396850
-4252.396803
-4252.396770
-4252.396747
-4252.396731
-4252.396720
-4252.396713
-4252.396518
-4252.396903
-4252.396929
-4252.396892
-4252.396854
-4252.396824
-4252.396803
-4252.396788
-4252.396778
-4252.396770
-4252.397097
-4252.397383
-4252.397366
-4252.397308
-4252.397257
-4252.397221
-4252.397195
-4252.397177
-4252.397165
-4252.397157
-4252.397165
-4252.397444
-4252.397452
-4252.397417
-4252.397383
-4252.397357
-4252.397339
-4252.397327
-4252.397318
-4252.397312
-4252.397314
-4252.397583
-4252.397605
-4252.397582
-4252.397557
-4252.397538
-4252.397524
-4252.397514
-4252.397507
-4252.397544
-4252.397774
-4252.397782
-4252.397753
-4252.397726
-4252.397705
-4252.397690
-4252.397680
-4252.397673
